


Network Architecture

Region: Ohio us-east-2 



VPC: 10.10.0.0/16 /1111111.11111111.0000000.00000000

public subnet:
us-east-2-A: 10.10.1.0/24  /11111111.11111111.11111111.00000000 
us-east-2-B: 10.10.2.0/24  /11111111.11111111.11111111.00000000 
us-east-2-C: 10.10.3.0/24  /11111111.11111111.11111111.00000000 

Private subnet:
us-east-2-A: 10.10.11.0/24 /11111111.11111111.11111111.00000000 
us-east-2-B: 10.10.12.0/24 /11111111.11111111.11111111.00000000 
us-east-2-C: 10.10.13.0/24 /11111111.11111111.11111111.00000000 

Private Subnet database:
us-east-2-A: 10.10.111.0/24 /11111111.11111111.11111111.00000000 
us-east-2-B: 10.10.112.0/24 /11111111.11111111.11111111.00000000 
us-east-2-C: 10.10.113.0/24 /11111111.11111111.11111111.00000000 
